backstitch_segments <- list(
  simple = list(
    .setdims = list(xmin = 0,
                    xmax = 2,
                    ybase = 0,
                    ymin = -2,
                    ymax = 4,
                    spacing = 1),
    A = data.frame(x    = c(0,0,1,2,0),
                   xend = c(0,1,2,2,2),
                   y    = c(0,2,4,2,2),
                   yend = c(2,4,2,0,2)),
    B = data.frame(x    = c(0,0,0,0,1,1,1,1),
                   xend = c(0,1,1,1,2,2,2,2),
                   y    = c(0,0,2,4,0,2,2,4),
                   yend = c(4,0,2,4,1,1,3,3)),
    C = data.frame(x    = c(0,0,0,1,1),
                   xend = c(0,1,1,2,2),
                   y    = c(1,3,1,0,4),
                   yend = c(3,4,0,0,4)),
    D = data.frame(x    = c(0,0,0,1,1,2),
                   xend = c(0,1,1,2,2,2),
                   y    = c(0,0,4,4,0,1),
                   yend = c(4,0,4,3,1,3)),
    E = data.frame(x    = c(0,0,0,0),
                   xend = c(0,2,2,2),
                   y    = c(0,0,2,4),
                   yend = c(4,0,2,4)),
    "F" = data.frame(x  = c(0,0,0),
                   xend = c(0,2,2),
                   y    = c(0,2,4),
                   yend = c(4,2,4)),
    G = data.frame(x    = c(0,0,0,1,1,2),
                   xend = c(0,1,1,2,2,2),
                   y    = c(1,1,3,0,4,0),
                   yend = c(3,0,4,0,4,2)),
    H = data.frame(x    = c(0,2,0),
                   xend = c(0,2,2),
                   y    = c(0,0,2),
                   yend = c(4,4,2)),
    "I" = data.frame(x    = c(0,0,1),
                   xend = c(2,2,1),
                   y    = c(0,4,0),
                   yend = c(0,4,4)),
    J = data.frame(x    = c(0,0,1,2),
                   xend = c(2,1,2,2),
                   y    = c(4,0,0,1),
                   yend = c(4,0,1,4)),
    K = data.frame(x    = c(0,0,0),
                   xend = c(0,2,2),
                   y    = c(0,2,2),
                   yend = c(4,0,4)),
    L = data.frame(x    = c(0,0),
                   xend = c(0,2),
                   y    = c(0,0),
                   yend = c(4,0)),
    M = data.frame(x    = c(0,0,1,2),
                   xend = c(0,1,2,2),
                   y    = c(0,4,2,0),
                   yend = c(4,2,4,4)),
    N = data.frame(x    = c(0,0,2),
                   xend = c(0,2,2),
                   y    = c(0,4,0),
                   yend = c(4,0,4)),
    O = data.frame(x    = c(0,0,0,1,1,2),
                   xend = c(0,1,1,2,2,2),
                   y    = c(1,1,3,0,4,1),
                   yend = c(3,0,4,1,3,3)),
    P = data.frame(x    = c(0,0,0,1,1),
                   xend = c(0,1,1,2,2),
                   y    = c(0,2,4,2,4),
                   yend = c(4,2,4,3,3)),
    Q = data.frame(x    = c(0,0,0,1,1,2,1),
                   xend = c(0,1,1,2,2,2,2),
                   y    = c(1,1,3,0,4,1,1),
                   yend = c(3,0,4,1,3,3,0)),
    R = data.frame(x    = c(0,0,0,0,1,1),
                   xend = c(0,2,1,1,2,2),
                   y    = c(0,2,2,4,2,4),
                   yend = c(4,0,2,4,3,3)),
    S = data.frame(x    = c(0,1,0,0,1),
                   xend = c(1,2,2,1,2),
                   y    = c(0,0,3,3,4),
                   yend = c(0,1,1,4,4)),
    "T" = data.frame(x  = c(0,1),
                   xend = c(2,1),
                   y    = c(4,0),
                   yend = c(4,4)),
    U = data.frame(x    = c(0,0,1,2),
                   xend = c(0,1,2,2),
                   y    = c(1,1,0,0),
                   yend = c(4,0,0,4)),
    V = data.frame(x    = c(0,1),
                   xend = c(1,2),
                   y    = c(4,0),
                   yend = c(0,4)),
    W = data.frame(x    = c(0,1,2,2),
                   xend = c(0,0,1,2),
                   y    = c(0,2,0,0),
                   yend = c(4,0,2,4)),
    X = data.frame(x    = c(0,0),
                   xend = c(2,2),
                   y    = c(4,0),
                   yend = c(0,4)),
    Y = data.frame(x    = c(0,1,1),
                   xend = c(1,2,1),
                   y    = c(4,2,0),
                   yend = c(2,4,2)),
    Z = data.frame(x    = c(0,0,0),
                   xend = c(2,2,2),
                   y    = c(0,0,4),
                   yend = c(0,4,4)),
    a = data.frame(x    = c(0,0,0,1,1,2),
                   xend = c(0,1,1,2,2,2),
                   y    = c(0,0,1,2,0,0),
                   yend = c(1,0,2,2,1,2)),
    b = data.frame(x    = c(0,0,0,1,1),
                   xend = c(0,1,1,2,2),
                   y    = c(0,0,2,0,2),
                   yend = c(4,0,2,1,1)),
    "c" = data.frame(x  = c(0,0,1,1),
                   xend = c(1,1,2,2),
                   y    = c(1,1,0,2),
                   yend = c(0,2,0,2)),
    d = data.frame(x    = c(0,0,1,1,2),
                   xend = c(1,1,2,2,2),
                   y    = c(1,1,0,2,0),
                   yend = c(0,2,0,2,4)),
    e = data.frame(x    = c(0,0,1,0,2,1),
                   xend = c(1,1,2,2,2,2),
                   y    = c(1,1,2,1,1,0),
                   yend = c(0,2,2,1,2,0)),
    f = data.frame(x    = c(0,0,1,0),
                   xend = c(0,1,2,1),
                   y    = c(0,3,4,2),
                   yend = c(3,4,4,2)),
    g = data.frame(x    = c(0,0,1,1, 2, 0,1),
                   xend = c(1,1,2,2, 2, 1,2),
                   y    = c(1,1,0,2,-1,-1,-2),
                   yend = c(0,2,0,2, 2,-2,-1)),
    h = data.frame(x    = c(0,0,1,2),
                   xend = c(0,1,2,2),
                   y    = c(0,1,2,0),
                   yend = c(4,2,2,2)),
    i = data.frame(x    = c(1,1,1),
                   xend = c(1,2,1),
                   y    = c(1,1,3),
                   yend = c(2,0,4)),
    j = data.frame(x    = c( 0, 1, 2,2),
                   xend = c( 1, 2, 2,2),
                   y    = c(-1,-2,-1,3),
                   yend = c(-2,-1, 2,4)),
    k = data.frame(x    = c(0,0,1),
                   xend = c(0,2,2),
                   y    = c(0,0,1),
                   yend = c(4,2,0)),
    l = data.frame(x    = c(1,1),
                   xend = c(1,2),
                   y    = c(1,1),
                   yend = c(3,0)),
    m = data.frame(x    = c(0,0,1,2),
                   xend = c(0,1,2,2),
                   y    = c(0,2,0,0),
                   yend = c(2,0,2,2)),
    n = data.frame(x    = c(0,0,1,2),
                   xend = c(0,1,2,2),
                   y    = c(0,2,2,1),
                   yend = c(2,2,1,0)),
    o = data.frame(x    = c(0,0,1,1),
                   xend = c(1,1,2,2),
                   y    = c(1,1,2,0),
                   yend = c(0,2,1,1)),
    p = data.frame(x    = c( 0,0,0,1,1),
                   xend = c( 0,1,1,2,2),
                   y    = c(-2,2,0,0,2),
                   yend = c( 2,2,0,1,1)),
    q = data.frame(x    = c(0,0,1,1,2),
                   xend = c(1,1,2,2,2),
                   y    = c(1,1,0,2,-2),
                   yend = c(0,2,0,2,2)),
    r = data.frame(x    = c(0,0,1),
                   xend = c(0,1,2),
                   y    = c(0,1,2),
                   yend = c(2,2,2)),
    s = data.frame(x    = c(0,1,0,0,1),
                   xend = c(1,2,2,1,2),
                   y    = c(0,0,1,1,2),
                   yend = c(0,1,1,2,2)),
    t = data.frame(x    = c(0,0,0,1),
                   xend = c(0,1,1,2),
                   y    = c(1,1,2,0),
                   yend = c(3,0,2,0)),
    u = data.frame(x    = c(0,0,1,2),
                   xend = c(0,1,2,2),
                   y    = c(1,1,0,0),
                   yend = c(2,0,0,2)),
    v = data.frame(x    = c(0,1),
                   xend = c(1,2),
                   y    = c(2,0),
                   yend = c(0,2)),
    w = data.frame(x    = c(0,0,1,2),
                   xend = c(0,1,2,2),
                   y    = c(0,0,2,0),
                   yend = c(2,2,0,2)),
    x = data.frame(x    = c(0,0),
                   xend = c(2,2),
                   y    = c(0,2),
                   yend = c(2,0)),